1 2
2 1
3 2
4 2
5 2
6 1
7 2
8 1
9 2
10 1
11 1
12 1
13 1
14 2
15 1
16 2
17 1
18 1
19 1
20 2
21 1
22 2
23 1
24 2
25 1
26 2
27 2
28 1
29 1
30 1
31 1
32 1
33 2
34 1
35 2
36 2
37 1
38 2
39 2
40 2
41 1
42 2
43 1
44 1
45 1
46 1
47 1
48 2
49 1
50 2
51 1
52 1
53 1
54 2
55 2
56 1
57 1
58 2
59 1
60 1
61 1
62 1
63 2
64 2
65 1
66 2
67 1
68 1
69 1
70 2
71 1
72 1
73 1
74 1
75 2
76 2
77 2
78 2
79 2
80 2
81 1
82 1
83 2
84 2
85 1
86 1
87 1
88 2
89 2
90 1
91 1
92 2
93 1
94 2
95 1
96 1
97 2
98 1
99 1
100 2
101 2
102 1
103 2
104 1
105 1
106 2
107 2
108 2
109 2
110 2
111 2
112 1
113 2
114 1
115 1
116 1
117 2
118 1
119 2
120 2
121 1
122 2
123 2
124 2
125 1
126 1
127 1
128 2
129 2
130 1
131 1
132 2
133 2
134 1
135 2
136 1
137 1
138 2
139 2
140 2
141 2
142 2
143 1
144 1
145 1
146 1
147 1
148 1
149 2
150 2
151 1
152 1
153 2
154 2
155 2
156 2
157 2
158 1
159 1
160 1
161 1
162 2
163 2
164 2
165 2
166 1
167 2
168 1
169 2
170 2
171 2
172 1
173 2
174 2
175 2
176 1
177 2
178 1
179 2
180 2
181 2
182 1
183 2
184 1
185 1
186 2
187 2
188 2
189 1
190 1
191 1
192 1
193 2
194 2
195 2
196 2
197 1
198 1
199 2
200 2
